fronts = ((
((0.048389777850154178, 0.049160527446921544, 2.9894125434411762), (-15.362291172362774, 7.5807256101690363), 0), 
((0.049027093325364979, 0.049132503684175502, 2.9949884367151598), (-15.355317556472084, 7.5205944960208804), 0), 
((0.049383023379765849, 0.049188790168700314, 2.9990147773407929), (-15.35032034094011, 7.4077900647912376), 0), 
((0.048578279322669886, 0.049523192035306668, 2.9925673577127534), (-15.358045449163912, 7.5607597854778978), 0), 
((0.048563548699420547, 0.049510458973360053, 2.9944602375110212), (-15.3560040453847, 7.5310443286907187), 0), 
((0.048651535465795065, 0.049403473180983697, 2.9951312430023864), (-15.355297721721055, 7.5174050238813503), 0), 
((0.048771295718786044, 0.049407852937939228, 2.9964282584880566), (-15.35370111745656, 7.4867063176381663), 0), 
((0.048721233156078653, 0.048905038328479741, 2.9988136932316207), (-15.35186495072756, 7.4134055616442591), 0), 
((0.048842932547940414, 0.049043712622746594, 2.9977693960076204), (-15.352645641948943, 7.4480127961533977), 0), 
((0.048658856521747451, 0.048846509073917396, 2.9987245939074993), (-15.352132431792034, 7.4162944385386309), 0), 
((0.048382604169397617, 0.049074206334526353, 2.998449470645939), (-15.352494909506465, 7.425523922675163), 0), 
((0.048358177022514597, 0.049099562350285453, 2.9985121590384614), (-15.35242383334743, 7.4234291166733879), 0), 
((0.049184530495434441, 0.049341233502299971, 2.9968142121574242), (-15.352797783837394, 7.4768738077474692), 0), 
((0.0495134727727169, 0.048531622946197138, 2.9959156264234181), (-15.35446282157103, 7.4994315496661255), 0), 
)) 
