fronts = (
( # Front 0
    ((-0.9211571508485248, -0.23164516202784213, -0.023457939511466464), (-18.36231688625881, -2.403025611025862), (0.0, 0.0)),
    ((-3.1822725338829407, -1.0984243051065752, -1.2495721034705385), (-12.486355166767694, -8.738254526564049), (0.0, 0.0)),
),
( # Front 1
    ((0.21904604640295755, -1.6771236287495643, 0.9238612211895356), (-13.931298455061919, 11.057767766693331), (0.0, 0.0)),
    ((1.1106626687054533, -1.0997166644326564, 1.8035249743631416), (-13.551595159045542, 1.7741165530744936), (0.0, 0.0)),
    ((-1.8820197318744984, 2.591657909947001, -0.45473656641079785), (-11.286239586130048, -2.935107009434242), (0.0, 0.0)),
    ((2.8774937766671034, 1.1825055978644752, -1.093553298671666), (-12.794850199989915, -0.12034074502006223), (0.0, 0.0)),
),
( # Front 2
    ((1.708436936023502, 1.4562741773287167, -2.119582144874803), (-12.207150406981611, 0.6570038972049262), (0.0, 0.0)),
),
( # Front 3
    ((0.4089079950903036, 2.895504497067785, -2.1859201079956705), (-10.563396559198589, 5.35423404483646), (0.0, 0.0)),
),
( # Front 4
    ((2.0642103073107796, 3.725220117908467, -3.9604003369503165), (-7.84525725239963, 18.549563147693647), (0.0, 0.0)),
),
( # Front 5
    ((8, 6, 4), (-3.8951828207736456, 20.79464664151374), (0.0, 0.0)),
),
)
